%YAML:1.0
---
myHogDector: !!opencv-object-detector-hog
   winSize: [ 64, 128 ]
   blockSize: [ 16, 16 ]
   blockStride: [ 8, 8 ]
   cellSize: [ 8, 8 ]
   nbins: 9
   derivAperture: 1
   winSigma: 4.
   histogramNormType: 0
   L2HysThreshold: 2.0000000000000001e-01
   gammaCorrection: 1
   nlevels: 64
   signedGradient: 0
   SVMDetector: [ 1.59637805e-03, -1.75696891e-02, 1.64609798e-03,
       4.93088039e-03, -1.58572998e-02, 1.53442230e-02, -6.89038355e-03,
       4.60732821e-03, 2.45614983e-02, 6.02978515e-03, -1.60196032e-02,
       -1.23881306e-02, -3.14844847e-02, -1.16070164e-02, 1.65749490e-02,
       -2.99187191e-02, -1.02573065e-02, 1.49099771e-02, -9.79302730e-03,
       1.18476069e-02, 1.41240275e-02, 3.30425687e-02, -2.24973988e-02,
       1.53006297e-02, -1.38140507e-02, 7.27864215e-03, -6.64380658e-03,
       -1.26603781e-03, 4.41558426e-03, 2.56249886e-02, 1.88361593e-02,
       2.31275689e-02, 8.44352413e-03, -2.53204405e-02, 2.48472346e-03,
       1.13697974e-02, 1.67474914e-02, -5.72022237e-03, -1.52198607e-02,
       -4.24299277e-02, 1.46460943e-02, 2.06508934e-02, -3.04632634e-02,
       -9.97565966e-03, 1.91278905e-02, -7.39287771e-03, -2.85575390e-02,
       -1.31395096e-02, 3.03701172e-03, -8.55004473e-04, 1.43169779e-02,
       5.49815875e-03, -5.13668451e-03, 8.55395012e-03, 1.31438738e-02,
       1.26971807e-02, 1.38619719e-02, -4.37382329e-03, 1.69024058e-02,
       4.50452417e-03, -3.44016589e-02, -1.48773659e-02, 1.45335328e-02,
       1.28039699e-02, 9.26672947e-03, 3.25597497e-03, 2.96726953e-02,
       -3.92174460e-02, 5.65374596e-03, 3.04704215e-02, 2.08633463e-03,
       1.82863027e-02, -1.20482901e-02, -2.52389889e-02, -6.34977454e-03,
       -3.12087545e-03, -9.82059445e-03, -2.48694196e-02,
       -1.14471633e-02, 3.98549112e-03, 1.34735266e-02, 9.73705854e-03,
       -1.86479650e-03, 3.77823669e-03, -3.83107341e-03, 2.98020951e-02,
       2.16746014e-02, -1.26180518e-02, 1.94104742e-02, 1.10013215e-02,
       -9.19606537e-03, -3.15214536e-04, -6.79140259e-03,
       -3.90599918e-04, -2.62818318e-02, -1.95393860e-02, 1.52644515e-02,
       -5.98603673e-03, -1.09848017e-02, -1.64082795e-02, 9.24257096e-03,
       -1.09085692e-02, 9.05141607e-03, 1.86760128e-02, 2.38538403e-02,
       -5.87575370e-03, -6.15832070e-03, -3.26522850e-02, 1.13480864e-02,
       6.13861892e-04, 1.13832392e-03, -1.50154885e-02, 9.29152314e-03,
       3.13244201e-02, 1.63375656e-03, 2.91002970e-02, 2.57962309e-02,
       -9.20832716e-03, -2.47298144e-02, -2.47779060e-02,
       -4.01115045e-02, 2.79121865e-02, 1.68106779e-02, 2.94039352e-03,
       1.47333499e-02, 1.32006444e-02, 2.73053558e-03, 1.75921549e-03,
       -8.27471074e-03, -3.38158850e-03, -1.00520663e-02, 2.67820451e-02,
       -4.72690118e-03, 1.95739456e-02, 4.77929693e-03, -1.44502884e-02,
       -9.36574396e-03, -1.72641035e-02, -2.71220692e-02,
       -3.62612344e-02, -1.41318189e-02, -1.84023473e-02, 2.84566060e-02,
       6.02737116e-03, -1.30399466e-02, -9.12541337e-03, -1.24904234e-02,
       -1.64764784e-02, 1.34109243e-04, 2.15075146e-02, 1.54116414e-02,
       1.38154728e-02, -6.88376371e-03, -7.27496762e-03, -8.15822929e-03,
       8.22786894e-03, 1.61641780e-02, 1.25317192e-02, -5.15156193e-03,
       -7.55317044e-03, 5.52542415e-03, -4.93410975e-03, -1.72813926e-02,
       1.97407436e-02, 1.31546166e-02, 3.92819894e-03, -2.10698005e-02,
       2.75617931e-02, -9.78174387e-04, 1.43727604e-02, 2.77264829e-04,
       -1.85258351e-02, -5.70515217e-03, -9.79817472e-03, 2.60747951e-02,
       -7.80269457e-03, 2.56331824e-02, -4.93177865e-03, 1.20990817e-02,
       -6.60459464e-03, -1.92335807e-02, -1.58697867e-03,
       -5.46847517e-03, 9.87399928e-03, 2.32399069e-02, 5.74365351e-03,
       -2.54079252e-02, 2.47245567e-04, -1.93982273e-02, -5.42796170e-03,
       -8.35295860e-03, -1.38718542e-02, -1.58060458e-03, 1.66240484e-02,
       1.23305870e-02, -2.30204165e-02, -9.91246384e-03, 4.08465136e-03,
       9.11100593e-04, 7.98149593e-03, 6.73266361e-03, 2.58256979e-02,
       2.42106430e-02, 1.82917006e-02, -4.53319261e-03, 9.14708711e-03,
       -6.81175431e-03, 5.78189595e-03, 6.43579150e-03, -3.49794282e-03,
       1.62559841e-02, 1.27169583e-03, -4.33910778e-03, -9.28519107e-03,
       1.72498776e-03, -2.27428414e-02, -2.82777357e-03, -2.74010439e-04,
       -4.57669981e-03, 5.16153499e-03, 3.46559510e-02, 9.82168131e-03,
       -2.00537555e-02, -6.14611432e-03, 1.24057308e-02, -2.52315067e-02,
       -8.77887942e-03, 7.03414611e-04, 4.65999451e-03, -1.17972009e-02,
       -3.72193684e-03, -4.99047292e-03, 5.73535310e-03, -2.57551465e-02,
       -9.77949006e-04, 2.53702601e-04, -6.06719078e-03, 1.73616577e-02,
       7.63667002e-03, 8.98677297e-03, -5.94366528e-03, 1.36598870e-02,
       1.67364394e-03, -1.47533640e-02, -3.71478163e-02, -1.33125111e-02,
       -5.47044165e-03, -5.71502838e-03, 1.25772534e-02, -1.99538637e-02,
       -2.34906133e-02, -2.17744969e-02, -3.36392857e-02, 1.31373042e-02,
       1.46851279e-02, 2.09175535e-02, 2.13937592e-02, 1.07436087e-02,
       3.69966193e-03, 9.48052853e-04, -2.53719147e-02, -2.71952786e-02,
       1.05307559e-02, -2.07926314e-02, 1.01269083e-02, 1.08507965e-02,
       -9.25771985e-03, -2.67009698e-02, -1.01928702e-02,
       -3.24448980e-02, 9.06749570e-04, 5.21323491e-05, -1.07856421e-02,
       1.87703110e-02, 1.00176660e-02, 2.97934692e-02, -1.83781106e-02,
       9.77171212e-03, -6.16563577e-03, -4.07320826e-04, 2.34378874e-02,
       -1.99907995e-03, 4.56902981e-02, -7.49293854e-03, 6.35868590e-03,
       -1.34718139e-02, 1.25154192e-02, -4.64624818e-03, -1.54837593e-02,
       1.36575541e-02, -2.30250023e-02, 3.49421171e-03, 3.33419163e-03,
       -1.73582241e-03, -2.55606845e-02, -1.66753605e-02,
       -2.12792922e-02, -2.38860529e-02, -2.25537959e-02,
       -2.57379916e-02, 3.50079266e-03, 1.47127139e-03, 2.15846319e-02,
       -5.07202372e-03, -2.05149986e-02, -2.36429870e-02, 1.45160444e-02,
       3.54695097e-02, 2.23775338e-02, 5.10192998e-02, 8.32693279e-03,
       2.24355124e-02, -1.29791237e-02, 1.80984400e-02, 2.26487257e-02,
       -1.59305930e-02, -8.02284200e-03, -1.08159101e-02, 1.98111758e-02,
       -1.16120437e-02, 2.84176413e-02, -2.82812980e-03, -6.39224704e-03,
       8.01657268e-04, -3.87640367e-03, -1.48267467e-02, -5.98566141e-03,
       5.38759492e-03, -1.25159295e-02, 1.51903508e-02, -7.42730871e-03,
       -8.74514692e-03, -1.90573744e-02, -4.01781173e-03,
       -3.53980833e-03, -3.26557271e-02, -2.71157990e-03,
       -3.03215254e-02, -5.35943778e-03, 8.27772263e-03, -1.06360856e-02,
       -2.62615569e-02, 5.19077946e-03, -4.45940858e-03, -1.54074989e-02,
       2.60824803e-02, 2.94781066e-02, 2.72342209e-02, -1.49546983e-02,
       -4.71952418e-03, 1.11045456e-02, -8.62188637e-03, -1.43568097e-02,
       -3.22724059e-02, 5.08230785e-03, -1.76986381e-02, -6.39450410e-03,
       -8.47937912e-03, -1.75412521e-02, -2.06668619e-02, 1.30122742e-02,
       1.54604763e-02, -2.31174640e-02, -4.01233301e-05, -1.44521259e-02,
       4.23685042e-03, 2.52624527e-02, 1.60395969e-02, -2.08618939e-02,
       6.51741354e-03, 1.93968639e-02, -1.06029185e-02, 1.60903893e-02,
       6.70823548e-03, 2.84153357e-04, -1.17457910e-02, -1.30186332e-02,
       -2.91183945e-02, 1.14459894e-03, 2.65614986e-02, 3.26417037e-03,
       1.28512261e-02, -5.50119951e-03, 2.69733462e-03, 2.28475891e-02,
       7.88234826e-03, -1.92684531e-02, -7.86353275e-03, 1.36767281e-02,
       4.53735283e-03, 9.19226650e-03, 2.14021206e-02, -2.04841304e-03,
       1.27021354e-02, -1.42289866e-02, -2.49992199e-02, -2.03852472e-03,
       1.57828499e-02, 3.27907153e-03, 9.73757543e-03, -1.21892961e-02,
       1.73430778e-02, -1.77874435e-02, -1.60955556e-03, -8.62434506e-03,
       6.39448967e-03, 1.15977870e-02, 1.10006509e-02, 5.58221806e-03,
       -4.18114252e-02, 1.39191728e-02, -6.74072234e-03, 1.79902744e-02,
       1.33992219e-02, -1.02387099e-02, -4.05048626e-03, -1.66695863e-02,
